1000000
664
530
394
361
119
183
283
611
131
70
890
636
350
781
828
777
622
830
895
788
455
875
913
38
133
551
228
312
819
231
523
617
916
335
250
49
609
955
798
420
512
509
637
903
175
576
157
448
329
57
904
418
969
23
920
964
527
337
347
628
876
960
507
729
906
729
430
76
511
786
522
233
828
153
855
231
39
816
204
146
253
191
573
151
45
184
911
709
236
662
761
122
320
907
479
532
961
461
547
595
925
369
425
484
809
614
726
250
834
127
676
162
729
731
965
840
50
981
220
161
424
617
959
321
797
610
423
206
300
541
698
263
962
533
464
393
21
179
460
527
886
176
414
657
185
112
177
695
147
661
79
621
543
80
224
518
918
520
385
530
701
54
327
306
526
82
417
570
623
840
525
988
295
325
41
804
661
196
415
505
529
935
178
464
352
278
484
925
523
120
913
186
737
407
686
374
752
880
993
340
291
656
428
115
342
716
322
459
766
140
559
584
441
388
821
732
778
820
376
109
106
239
952
258
996
484
704
824
83
571
768
925
903
411
226
87
703
414
765
180
859
406
719
529
165
417
393
326
604
151
220
939
130
97
476
414
241
568
44
375
432
389
588
615
33
686
854
441
967
249
859
698
401
565
844
572
305
371
344
883
222
201
322
127
651
65
622
414
429
667
627
901
105
708
624
351
968
801
123
197
999
863
799
540
869
294
799
981
528
14
137
898
453
831
282
109
194
646
220
653
407
193
590
297
644
379
629
327
40
209
99
38
906
791
161
29
592
558
535
364
802
481
207
171
636
504
947
217
43
786
794
842
724
469
968
341
282
374
564
55
200
516
590
489
99
316
128
848
558
863
794
312
518
114
603
813
407
422
878
684
441
655
205
866
901
258
285
199
77
161
427
425
819
79
965
576
379
632
632
887
88
235
357
864
768
394
78
553
859
488
291
495
302
417
266
627
145
348
47
832
165
183
448
524
736
766
667
8
508
740
228
342
441
175
509
738
594
604
743
186
931
493
962
305
911
159
409
7
601
271
369
456
137
777
973
253
144
725
704
950
755
144
850
350
982
415
475
461
186
472
209
423
755
721
411
772
846
1000
209
311
327
291
286
580
138
913
262
715
987
561
489
967
26
64
364
489
286
556
993
615
12
669
913
162
278
51
793
995
98
339
452
755
293
672
680
939
640
185
118
3
807
481
336
554
902
376
522
161
729
657
623
349
738
579
80
955
298
537
580
885
455
213
644
686
511
995
681
342
944
859
430
501
255
655
420
148
556
905
66
147
209
184
549
817
34
31
823
610
133
235
332
779
884
956
243
235
778
962
314
183
153
688
275
357
865
181
536
799
962
971
990
5
473
549
361
584
53
247
332
524
132
433
603
494
369
287
232
329
951
804
379
605
433
363
537
977
441
309
201
397
908
435
828
653
5
226
470
344
141
230
740
449
27
59
569
554
815
359
313
536
887
968
641
948
548
662
565
610
630
665
234
786
139
37
438
218
319
803
350
994
49
757
205
247
925
908
925
368
488
305
896
255
386
944
228
951
721
948
482
604
816
878
220
578
165
318
811
448
929
188
892
853
262
323
662
365
492
392
901
390
873
451
994
477
298
581
229
422
366
294
463
213
421
269
359
346
641
493
909
461
705
283
166
994
399
108
708
926
571
490
603
441
471
79
254
17
63
221
141
285
935
114
659
903
486
849
792
327
802
967
137
553
23
200
249
748
871
669
519
292
170
678
810
43
378
746
192
92
874
316
332
342
914
841
232
996
946
301
767
754
28
680
519
453
411
540
948
847
843
765
663
367
996
914
660
220
298
80
609
203
876
297
568
171
751
358
837
778
199
387
563
477
254
478
642
533
678
993
248
774
213
46
806
830
11
502
79
42
529
556
360
690
948
709
159
626
294
213
40
351
504
666
993
154
179
311
420
400
288
624
44
610
158
422
858
122
639
967
310
287
428
117
579
277
111
50
783
12
754
204
728
746
45
484
231
378
876
400
130
150
362
400
389
320
540
853
935
574
773
611
394
18
156
732
47
19
248
95
704
197
942
609
28
665
64
777
78
188
273
364
286
195
595
24
388
244
423
212
347
288
689
807
872
365
106
635
588
62
655
25
237
136
541
110
495
257
730
773
132
185
233
151
519
600
530
10
781
763
475
606
965
352
707
52
700
796
167
733
177
689
837
623
198
452
433
315
768
50
627
314
955
945
759
768
949
242
951
285
357
367
564
396
615
432
674
898
401
466
627
690
659
41
260
968
748
735
659
945
166
917
627
633
540
9
520
494
223
956
163
840
915
690
286
908
352
172
437
528
100
815
353
755
390
211
940
905
717
63
289
973
802
65
618
686
495
418
669
108
695
434
201
530
195
772
683
668
312
846
625
452
109
57
796
926
596
419
478
84
749
844
203
98
659
795
651
103
427
384
783
56
872
222
621
423
49
607
363
779
641
526
88
661
770
509
445
94
849
171
82
142
616
176
380
639
709
90
763
801
146
469
566
52
482
685
783
388
876
116
169
141
347
36
302
153
12
841
709
11
842
567
240
677
518
71
365
631
729
106
957
701
230
870
577
998
455
339
116
785
112
105
300
850
260
741
785
496
653
385
941
345
1000
879
792
961
74
199
452
246
893
617
807
187
541
78
457
822
760
385
132
669
693
964
962
944
403
671
992
472
169
845
501
710
831
345
723
744
955
358
304
187
212
762
689
68
751
196
673
20
801
118
309
103
666
604
38
796
281
925
673
887
18
416
428
366
294
220
846
605
274
239
950
551
447
837
908
35
969
789
449
328
651
772
560
21
240
868
94
812
495
614
154
760
691
828
588
845
405
679
836
884
921
429
846
300
227
95
505
947
376
981
213
271
735
849
248
992
343
672
386
825
397
386
433
186
742
384
985
275
509
232
306
245
596
801
258
266
443
913
266
236
169
318
231
22
839
440
928
458
480
82
593
212
413
101
314
929
242
705
187
756
903
562
444
83
428
758
727
408
744
719
484
875
920
650
813
682
848
854
4
950
242
146
244
535
13
598
572
855
890
441
535
85
979
45
777
986
916
928
18
451
268
315
825
509
144
737
256
236
101
469
477
985
130
723
240
816
725
662
996
495
364
811
258
622
68
404
742
181
265
922
238
926
863
743
969
626
101
485
110
347
856
531
540
681
156
573
355
356
567
723
474
47
937
220
570
702
854
699
809
180
138
427
32
617
826
752
236
725
789
464
67
802
774
855
940
283
841
663
735
444
540
768
799
566
67
504
283
427
548
714
42
804
981
220
587
307
861
505
257
478
426
55
326
308
105
722
91
80
233
641
197
729
542
563
263
177
988
691
265
789
481
828
490
187
216
621
420
960
581
67
816
656
83
479
372
429
107
423
220
521
254
74
391
704
323
536
583
149
235
493
543
490
787
365
415
84
972
797
93
559
876
536
59
694
290
222
61
905
255
885
709
467
738
938
972
767
413
699
300
533
500
334
525
192
971
682
676
118
9
896
564
5
778
990
233
376
642
978
2
420
518
169
436
685
946
946
811
89
383
193
409
327
945
206
173
519
394
641
944
163
878
338
180
353
996
28
815
867
651
757
868
87
871
739
640
164
772
534
752
451
934
983
435
314
873
826
462
319
321
807
23
337
548
584
646
30
321
864
36
167
112
548
59
855
303
838
701
429
580
159
236
393
669
171
154
64
308
997
530
596
755
432
762
745
735
827
682
245
967
309
822
87
100
914
81
356
822
219
690
495
813
158
501
675
989
927
654
441
789
4
548
674
735
183
900
675
213
587
435
743
87
313
645
147
710
835
374
281
343
138
186
879
768
854
560
727
773
36
627
86
715
839
936
356
672
637
978
74
901
384
613
401
331
20
434
319
280
268
634
631
903
267
541
353
300
430
955
87
421
681
921
402
333
576
386
752
740
673
328
543
414
111
475
179
557
921
897
89
159
563
30
933
119
685
524
575
16
358
12
138
356
941
915
438
845
54
616
461
19
779
191
111
721
156
107
173
730
969
948
153
675
594
536
503
705
119
848
927
747
517
150
547
729
134
629
462
831
208
843
350
877
783
274
982
357
849
338
153
833
939
26
563
891
294
781
951
330
549
131
264
355
63
16
827
251
568
893
981
263
352
240
822
162
226
538
84
700
379
993
417
549
206
212
294
415
339
737
359
730
989
225
832
308
832
261
17
852
270
660
480
127
814
20
56
611
855
531
246
173
887
778
884
222
256
466
816
84
381
911
337
109
112
90
354
376
81
63
856
370
710
189
564
281
63
709
534
78
440
834
867
121
594
584
273
589
463
300
508
830
302
211
399
623
957
665
773
329
214
491
133
232
281
766
214
655
246
44
169
228
785
567
581
351
527
735
886
703
278
977
311
277
968
265
140
867
9
605
821
696
564
436
128
805
642
358
331
801
736
774
230
396
182
556
303
713
850
169
999
811
864
873
188
147
299
690
222
746
758
860
577
21
521
661
296
316
600
195
363
249
354
51
17
261
46
804
195
545
754
842
333
456
761
213
511
180
218
367
428
741
9
373
427
659
736
958
219
942
551
39
503
689
953
381
653
142
880
530
644
67
469
608
185
754
435
743
24
426
525
681
119
443
836
192
791
80
790
532
499
119
136
365
159
929
333
200
110
605
915
722
299
60
143
117
654
24
326
759
258
840
991
693
923
505
140
812
760
423
714
440
655
369
21
948
806
533
786
39
648
852
61
552
390
400
485
844
865
304
894
330
926
843
805
634
714
824
489
97
691
323
836
884
113
797
919
325
611
416
936
926
688
365
403
462
12
224
431
975
602
45
959
172
33
24
103
438
789
983
960
372
334
924
318
730
346
623
155
421
223
577
67
163
583
364
808
274
816
669
323
129
798
810
944
250
669
831
949
867
779
929
934
993
698
292
389
204
826
209
959
894
379
808
340
539
633
603
437
176
953
656
125
979
7
132
714
653
263
407
558
208
368
492
390
715
691
326
692
928
458
646
180
816
32
411
942
675
908
805
215
827
561
891
793
391
618
963
753
689
680
674
959
173
875
161
728
529
5
331
924
524
811
214
437
62
657
434
174
525
324
282
450
695
79
522
389
939
643
841
219
67
944
398
288
701
691
745
748
529
578
621
795
732
480
4
692
281
731
484
397
228
139
842
851
826
752
637
70
443
206
998
633
424
96
184
658
500
345
686
14
942
978
743
577
199
616
617
851
989
888
360
74
956
862
994
232
338
523
997
155
703
9
244
639
762
321
139
2
887
190
176
786
876
910
792
668
456
586
334
142
775
162
44
48
823
768
983
421
891
296
523
194
857
578
199
976
902
553
660
778
406
159
462
258
871
653
630
4
460
17
727
82
574
122
259
679
9
262
206
482
216
681
934
26
526
611
342
881
254
617
402
285
23
494
377
188
964
31
963
296
5
781
686
917
902
835
395
952
931
976
204
727
577
905
133
558
879
989
880
927
339
582
360
142
271
87
626
154
502
223
589
111
4
327
330
922
866
936
153
991
999
751
868
982
98
728
245
165
335
153
200
255
779
881
896
54
146
995
637
921
549
478
1
515
55
744
55
177
344
548
423
20
326
280
902
806
500
301
106
690
389
678
370
669
636
98
834
111
91
37
658
215
740
662
433
683
568
4
679
576
832
320
126
92
157
218
474
138
10
899
652
654
908
157
279
877
333
932
649
822
43
792
995
19
615
900
629
28
547
932
743
240
762
52
987
738
450
135
205
153
50
14
191
88
192
215
882
441
780
582
460
633
10
151
434
356
39
758
938
993
431
74
461
912
375
563
717
978
399
553
820
181
899
735
925
556
924
414
639
497
285
322
996
616
655
522
717
178
89
833
92
77
770
218
402
818
973
613
913
523
194
805
759
30
936
374
610
197
45
494
519
614
978
523
274
767
411
189
499
952
883
205
931
754
319
431
1
945
119
621
890
730
946
424
550
39
601
15
957
237
490
888
960
332
548
183
283
692
755
72
958
434
977
933
980
978
771
590
735
189
331
4
963
34
987
852
192
484
774
101
866
404
652
825
430
932
722
248
954
717
129
98
231
825
714
211
148
938
601
90
299
167
900
360
275
753
705
425
116
311
645
373
62
487
228
166
464
621
369
245
520
218
505
69
330
773
603
962
282
665
92
334
175
934
941
358
855
12
11
627
540
136
596
333
888
29
344
358
258
108
692
630
611
762
797
834
679
759
841
657
571
370
873
235
642
353
689
384
213
122
254
731
840
217
983
275
600
29
456
405
451
639
920
643
641
228
319
467
122
91
985
825
839
146
16
283
384
321
37
155
667
658
23
100
291
750
954
496
78
539
867
130
92
85
322
109
49
97
445
12
215
540
140
934
857
33
785
966
949
883
75
640
592
95
310
725
79
149
703
668
902
222
299
328
606
828
760
449
231
917
162
950
615
304
699
543
196
236
261
157
727
15
161
464
596
323
830
922
233
911
76
195
199
425
406
757
815
988
279
672
574
946
727
282
902
750
906
319
327
621
818
441
13
401
514
407
339
697
548
167
635
447
355
50
705
597
20
569
106
138
786
351
828
426
265
836
38
404
284
759
714
919
535
778
502
623
840
582
794
860
784
575
805
753
484
879
169
645
776
580
322
464
285
337
305
776
962
380
849
199
476
689
317
846
475
211
815
129
395
742
218
912
620
308
492
509
508
107
359
274
571
37
705
722
876
316
830
635
544
903
991
871
948
780
53
501
107
129
556
530
92
27
193
663
194
100
30
349
199
683
458
388
843
541
613
486
854
859
811
790
360
240
225
72
270
293
236
361
145
340
85
450
219
46
768
646
342
566
170
298
780
275
999
337
140
26
292
754
197
625
475
388
916
739
534
779
814
990
80
529
647
810
201
417
317
592
917
574
442
751
663
740
377
164
538
256
850
529
196
714
389
515
351
657
965
897
803
332
598
576
353
213
207
120
427
710
266
127
283
845
559
656
388
891
788
983
942
47
942
942
348
898
965
957
895
670
91
447
193
596
934
538
475
715
465
6
776
460
173
829
526
732
347
736
523
245
937
704
683
972
816
854
936
413
565
94
73
36
595
32
924
558
106
596
262
390
354
722
819
577
684
298
456
80
175
792
22
689
283
187
44
639
417
127
518
706
739
467
781
827
906
649
76
625
80
880
408
192
733
130
949
677
627
385
723
945
554
294
128
597
47
368
333
164
14
375
278
475
958
571
542
975
759
818
670
789
89
487
819
69
726
144
840
138
329
893
88
137
640
56
852
297
191
429
633
630
52
427
779
414
198
185
911
547
637
121
437
703
233
112
58
269
172
164
641
598
488
316
646
477
889
15
14
125
102
456
757
301
433
615
222
270
703
288
849
33
799
667
160
516
480
447
859
703
58
575
435
276
722
213
821
55
438
956
162
487
187
858
761
848
324
908
943
827
562
185
732
289
442
727
756
810
952
120
26
812
46
159
317
374
843
198
767
74
96
484
586
812
668
646
106
978
445
83
560
344
424
665
200
62
486
451
943
529
574
726
339
884
957
295
543
218
792
599
223
724
914
120
196
197
147
199
699
371
525
452
633
156
625
88
952
888
252
36
828
819
384
940
295
566
906
109
120
491
351
620
925
162
119
741
61
334
946
334
214
486
742
29
4
206
639
15
163
974
225
873
24
768
347
830
325
738
43
135
830
921
945
918
808
159
23
711
465
41
676
231
563
130
769
715
980
122
772
775
999
902
511
501
880
30
31
675
685
975
356
169
873
994
255
683
827
285
76
318
599
547
569
841
996
638
514
527
430
90
831
758
936
201
187
790
437
186
941
715
963
608
397
891
444
90
677
468
770
911
750
358
670
907
945
97
47
655
359
662
647
223
672
606
711
450
787
962
315
675
645
289
338
281
420
902
278
490
261
148
236
655
353
501
470
264
993
952
859
28
921
868
76
593
850
787
465
392
791
803
761
820
764
69
25
570
217
359
615
435
69
791
582
468
587
481
219
620
944
85
898
441
781
41
717
901
167
348
407
383
834
775
414
143
981
528
68
199
569
462
359
346
351
144
357
142
763
567
262
795
309
822
952
688
425
556
844
380
991
946
299
979
409
411
835
676
976
988
376
834
470
543
244
530
742
212
508
801
266
127
148
766
499
699
855
199
853
640
694
140
961
158
92
293
45
988
726
798
484
173
494
938
166
520
201
182
843
454
668
525
464
218
361
578
681
15
937
629
57
425
248
500
620
288
71
702
786
233
151
122
219
395
30
281
421
724
89
428
149
978
200
816
495
415
678
332
645
838
872
241
52
641
780
723
173
134
918
517
421
857
764
493
292
608
959
455
241
360
633
744
24
483
561
188
719
235
880
333
831
129
846
480
757
516
195
928
772
293
870
343
790
693
57
198
455
996
450
782
153
418
951
342
684
799
228
914
24
475
303
624
124
724
412
969
405
756
656
179
843
219
800
880
802
810
663
923
540
114
391
83
657
243
990
597
353
847
634
666
21
622
293
639
331
980
601
393
783
661
745
415
441
159
930
780
602
619
841
70
229
323
619
83
337
766
610
573
245
949
413
789
200
786
725
600
13
115
414
686
704
304
28
705
496
917
493
793
465
882
911
389
21
577
958
827
31
139
661
867
992
95
866
900
682
699
973
247
216
364
137
946
7
76
888
358
467
792
318
205
281
459
276
995
875
848
105
622
684
923
679
207
687
10
285
943
788
237
928
213
33
885
166
610
341
962
445
234
980
59
503
765
825
136
320
153
377
624
154
953
454
31
751
583
743
577
420
748
679
95
102
546
430
711
981
762
937
522
44
884
911
942
728
672
873
207
471
943
561
975
607
885
749
36
886
758
958
334
74
418
89
357
4
356
616
45
243
962
580
796
494
388
131
267
702
366
902
63
466
368
608
735
865
14
652
306
295
946
650
162
52
236
332
603
158
434
373
649
326
718
856
721
831
3
852
265
210
673
150
746
732
552
534
975
868
151
419
662
449
423
614
63
162
512
356
717
674
588
399
281
120
627
994
24
156
855
963
504
253
309
473
383
205
811
375
499
176
251
413
54
189
406
736
686
155
632
288
916
905
638
687
423
938
817
622
535
273
985
676
434
725
472
305
330
802
233
539
873
997
574
261
108
429
947
837
404
37
116
586
287
759
234
806
914
235
983
215
547
216
827
289
467
557
715
58
147
117
114
295
649
868
115
547
441
897
615
779
27
128
748
329
944
35
207
229
997
448
618
507
477
404
258
104
472
601
793
781
273
201
807
349
312
852
162
399
632
345
339
304
698
140
869
884
435
375
571
493
842
783
1000
560
383
44
94
811
499
824
822
20
748
832
671
767
732
15
294
689
546
567
943
882
374
591
258
34
603
110
952
366
348
905
363
64
519
625
777
675
339
391
155
866
53
971
695
637
1
697
514
457
529
544
88
715
258
109
439
691
587
929
637
203
556
107
331
276
73
910
586
699
764
369
217
109
665
636
626
207
520
61
766
138
21
645
311
930
646
385
546
713
619
45
5
682
294
951
707
915
929
395
911
607
269
902
526
842
211
353
73
526
956
25
987
379
303
855
541
956
410
44
64
870
699
674
109
644
943
222
960
607
278
873
223
658
299
962
411
629
972
188
607
914
181
209
71
727
993
537
177
699
289
857
340
600
440
946
778
867
4
362
927
808
99
891
54
34
928
496
180
684
750
273
110
810
726
147
784
915
336
860
371
358
787
119
380
456
541
939
459
352
286
131
96
228
613
690
804
351
110
545
680
630
963
566
411
664
168
27
531
531
880
988
864
938
826
711
889
574
342
275
216
938
182
996
101
630
882
442
572
599
529
328
645
349
975
385
472
955
980
624
881
637
651
416
652
632
361
890
461
250
870
110
570
110
240
556
979
862
706
374
440
165
759
744
881
757
86
959
587
751
905
807
307
901
949
707
689
917
987
482
74
570
616
292
851
527
94
371
580
932
629
749
326
292
301
40
624
200
725
187
550
151
615
283
496
582
688
867
696
684
416
128
124
916
629
756
498
930
533
939
519
758
340
603
433
810
633
521
248
820
722
939
552
528
951
422
669
19
260
570
799
694
485
272
515
31
297
566
592
318
847
714
421
154
213
470
547
330
364
58
949
407
485
43
614
786
565
601
625
528
750
717
822
751
220
921
327
917
609
522
931
773
881
78
58
678
972
98
327
103
315
193
725
408
735
35
831
16
955
821
517
441
266
606
998
486
27
761
391
828
282
357
413
736
539
487
471
309
793
400
880
83
543
824
741
86
754
82
317
575
276
253
363
827
150
554
190
338
328
203
35
268
484
411
413
215
248
932
642
711
122
707
724
500
740
777
534
310
107
189
281
313
292
674
421
707
130
77
462
432
407
395
467
562
589
126
567
503
232
984
556
832
657
327
434
746
164
293
391
344
92
119
128
765
828
127
381
482
100
59
580
124
46
971
940
795
477
637
719
236
118
962
79
384
644
207
217
601
502
950
414
596
988
413
568
2
994
128
809
622
277
852
609
490
372
755
654
919
644
7
690
838
125
418
70
721
583
868
108
710
248
263
743
126
27
695
864
552
453
315
581
608
108
465
97
995
83
613
930
67
780
278
42
360
20
690
609
933
389
583
216
885
875
93
324
553
72
787
922
872
280
533
55
659
398
411
397
282
216
565
332
688
188
762
233
278
450
82
450
296
856
411
526
842
763
612
742
904
256
110
978
242
515
21
324
633
345
879
140
812
477
355
117
322
573
525
227
609
201
184
264
318
844
768
837
863
322
85
505
310
949
687
476
438
289
354
260
266
706
886
939
713
622
378
548
745
439
31
368
614
502
102
365
413
476
783
633
868
872
189
862
570
750
479
637
608
313
620
146
720
163
425
443
333
464
780
258
511
572
95
302
222
20
123
721
348
213
828
368
475
105
284
877
241
154
783
779
877
602
833
642
737
305
992
395
358
377
222
777
361
486
573
969
399
396
716
541
113
807
816
552
23
321
132
968
854
27
669
837
483
243
579
249
142
203
830
881
374
834
221
414
979
423
101
814
924
145
822
39
230
819
633
293
164
914
784
553
526
990
363
47
214
633
579
758
141
564
448
168
945
235
819
149
388
344
763
743
697
107
859
422
666
467
331
279
55
786
622
772
631
662
412
763
565
178
76
633
890
973
784
1000
534
895
460
25
100
750
744
325
387
132
131
381
131
787
557
435
221
647
657
586
862
263
512
605
246
494
494
637
638
953
951
752
621
801
214
265
478
425
160
548
814
20
730
990
112
941
848
675
589
63
347
627
404
602
357
538
399
111
697
172
727
188
718
843
383
131
108
563
608
663
654
611
759
38
241
435
740
67
537
973
690
906
199
43
863
624
381
63
869
52
124
964
726
872
850
256
927
120
219
65
781
328
80
45
874
431
958
14
924
640
437
396
627
351
897
745
880
692
354
102
463
100
113
502
38
594
443
374
373
536
258
235
236
363
437
304
144
896
856
550
372
114
465
952
264
208
129
217
544
194
428
740
383
977
145
353
263
178
682
416
985
95
179
593
575
624
910
759
601
738
427
795
916
967
501
374
398
465
125
700
32
925
157
361
311
903
185
973
564
502
604
513
984
540
193
223
289
635
760
713
572
732
803
721
575
217
20
577
818
51
703
321
123
774
364
217
443
126
878
397
403
789
437
500
228
992
147
814
88
538
531
504
174
115
100
283
734
71
256
533
161
831
180
785
510
866
644
295
308
861
667
354
595
85
133
696
471
831
508
458
748
27
85
829
926
849
900
362
197
830
202
247
149
927
500
90
55
712
468
217
315
633
786
957
88
155
828
367
990
44
397
85
787
934
523
826
404
886
148
642
329
281
216
225
819
774
162
38
373
422
519
986
515
515
351
251
273
276
728
749
715
730
667
153
963
825
567
797
735
690
22
766
462
949
352
85
688
16
448
410
684
407
84
336
192
172
557
887
366
170
446
193
361
768
716
467
649
925
548
898
415
50
704
568
75
530
355
581
833
528
755
259
326
381
773
600
257
559
675
602
361
659
967
344
165
253
600
624
798
887
167
305
153
46
744
1
103
319
450
527
519
176
414
283
187
842
390
411
68
797
509
668
165
966
859
390
612
560
402
445
319
559
286
188
798
654
837
430
671
775
103
686
441
640
944
668
816
750
296
948
109
216
251
406
256
6
248
788
965
616
918
753
755
607
633
698
685
492
764
640
499
770
923
928
240
125
662
978
52
827
785
854
132
769
907
225
145
313
933
658
533
969
537
905
734
631
509
165
596
678
589
189
690
978
657
660
172
797
183
157
585
543
537
188
119
588
422
323
294
565
625
825
917
385
168
147
243
192
994
743
393
974
899
743
346
872
607
280
809
354
6
739
979
816
487
23
945
707
182
265
536
147
983
694
125
713
507
889
947
477
897
871
306
18
461
792
147
547
888
380
98
593
362
288
621
573
798
953
580
205
147
157
269
579
345
440
237
82
162
272
264
617
650
435
930
272
246
507
67
490
71
902
570
68
486
841
643
865
646
801
373
279
445
37
134
65
677
260
367
568
455
526
185
861
692
469
771
524
367
3
2
122
146
538
837
223
457
827
472
679
398
807
309
314
301
990
889
928
593
200
622
679
291
412
708
598
149
987
252
443
388
868
978
916
921
150
184
551
909
221
974
494
845
978
596
94
536
426
251
174
98
713
159
692
198
32
846
424
214
915
249
347
585
154
800
87
865
224
886
781
859
103
666
53
890
307
1000
29
1000
34
59
531
27
281
611
328
801
708
650
301
139
362
717
945
602
238
970
347
143
73
605
199
50
876
105
595
339
71
942
850
775
330
812
641
881
618
556
525
61
598
166
416
214
12
137
156
60
966
320
424
322
528
983
151
162
466
649
78
958
895
419
229
543
554
628
801
676
744
858
819
891
652
561
438
475
591
606
131
507
64
681
236
411
359
698
374
998
97
666
299
57
840
863
994
862
828
213
120
50
18
989
180
989
984
987
460
986
426
612
216
128
142
302
845
704
565
612
930
832
216
545
275
552
34
459
725
532
382
912
357
320
448
122
776
632
114
453
450
401
667
207
729
295
457
561
399
718
740
805
769
289
863
2
593
143
957
686
48
676
301
169
275
1000
80
621
575
71
838
992
323
817
74
320
733
459
814
547
665
977
447
115
673
232
652
902
134
345
325
955
771
784
497
278
796
566
489
360
816
56
620
52
485
715
107
877
604
326
815
923
286
429
225
552
900
92
412
135
668
211
608
900
6
967
655
566
712
184
367
529
9
578
319
927
563
841
653
668
772
174
471
625
334
513
686
847
457
860
977
758
157
262
344
160
864
525
714
844
938
404
900
623
547
491
272
779
820
441
631
114
1
294
928
547
457
176
870
620
427
989
352
703
563
882
130
211
852
708
316
469
12
511
402
153
625
1000
159
316
962
165
234
332
834
977
148
494
866
583
714
33
729
11
354
264
870
677
264
423
956
226
631
406
972
241
319
575
624
818
354
412
813
29
653
583
399
536
131
281
263
47
541
719
318
772
772
78
191
360
213
787
43
32
355
772
332
910
865
888
366
843
672
931
165
227
122
334
398
4
333
698
562
966
53
475
910
954
109
102
925
631
251
947
741
605
837
210
492
390
784
782
342
941
672
482
651
336
101
832
824
651
738
450
110
252
107
909
399
257
329
476
4
805
521
833
454
802
434
762
656
503
965
258
790
129
889
594
850
250
880
573
724
251
214
810
584
16
755
169
903
73
908
824
955
461
544
483
296
211
642
599
960
566
685
233
321
581
285
782
458
146
950
231
694
184
73
787
844
191
35
982
112
751
35
783
375
715
585
243
336
223
190
781
935
410
193
632
520
636
910
728
680
825
283
931
757
339
797
627
162
115
825
508
206
46
988
734
521
2
383
475
885
927
524
420
284
136
863
553
95
269
497
512
264
599
394
94
807
827
957
745
704
332
41
742
870
96
238
850
795
291
137
734
764
85
117
184
996
430
259
215
421
423
827
819
407
25
541
192
164
539
737
388
969
7
238
106
104
589
382
230
409
843
134
793
593
859
688
921
711
495
395
434
440
20
874
467
577
504
345
688
353
968
852
275
350
303
742
917
661
660
714
595
728
824
352
709
302
652
753
875
315
930
761
202
264
150
597
643
916
851
262
182
777
210
409
751
729
284
728
373
567
867
15
993
272
882
647
88
75
745
55
284
547
559
404
555
618
336
422
193
562
195
591
385
675
619
854
770
618
536
392
121
270
415
714
185
607
321
603
959
419
460
524
883
375
666
567
606
508
524
659
849
55
51
933
920
89
843
250
313
773
125
865
304
530
551
763
618
68
539
869
694
757
748
853
407
611
335
792
734
242
944
920
163
751
911
787
475
539
943
459
430
707
320
909
298
939
203
11
874
839
141
515
373
623
640
410
352
932
238
264
932
17
37
104
323
762
906
14
997
936
473
808
25
58
185
206
333
113
749
705
24
46
789
968
867
783
486
498
547
566
979
401
306
229
737
796
971
467
806
708
863
805
926
867
801
580
466
228
379
319
973
685
422
110
151
327
22
704
514
796
555
9
543
49
41
616
8
161
303
952
508
266
531
704
830
330
144
285
901
397
318
817
100
264
637
22
161
593
121
730
344
477
564
723
257
671
303
944
600
36
781
494
495
237
469
522
147
804
697
759
308
582
592
305
116
421
443
840
573
941
99
902
720
594
533
866
479
290
378
805
399
757
840
369
26
440
379
342
522
687
286
823
453
383
831
214
858
864
670
234
303
539
458
689
390
814
300
344
621
652
878
283
602
649
930
301
485
122
801
55
515
823
99
320
248
311
673
367
999
326
899
212
284
631
577
567
949
570
63
132
191
432
450
591
286
976
827
108
939
78
53
220
215
931
378
720
607
303
288
647
844
721
350
391
145
917
498
960
870
533
829
628
821
90
220
247
430
979
201
894
736
590
570
681
393
873
919
187
829
866
173
258
208
531
587
61
925
688
410
109
980
270
433
734
752
536
718
65
102
555
785
152
262
256
5
888
289
460
197
799
108
731
382
163
956
805
970
73
123
110
553
523
677
722
913
312
811
612
464
310
233
70
444
397
561
967
794
404
483
281
980
467
359
209
465
469
989
784
630
985
157
740
616
603
298
426
551
488
144
276
886
438
683
714
478
831
421
874
254
246
410
963
467
826
636
66
40
91
30
603
981
984
808
61
390
428
559
188
794
385
375
515
694
493
163
78
269
485
377
221
415
890
716
431
782
990
355
867
245
331
534
508
620
71
796
81
458
410
74
147
651
913
929
446
350
237
19
279
846
966
656
467
524
207
131
829
242
289
198
432
317
251
529
79
914
498
346
859
901
290
135
131
864
768
942
653
35
147
927
269
421
778
392
172
284
509
698
80
921
518
340
348
734
614
126
206
751
519
10
443
152
732
775
87
435
378
204
659
206
412
4
546
590
279
521
886
988
971
890
994
694
39
668
818
471
346
194
574
300
168
32
367
191
664
360
108
732
286
184
506
280
426
710
398
502
257
334
365
231
92
620
89
826
196
250
450
824
939
766
601
217
264
248
366
845
280
722
101
80
901
791
228
256
782
3
728
907
199
350
607
951
245
186
713
345
800
511
970
631
890
186
23
344
24
466
321
554
494
617
312
272
834
535
346
217
714
652
99
556
665
800
513
129
367
892
618
677
46
944
587
710
166
21
353
991
45
23
776
800
633
627
563
835
937
941
299
214
688
880
403
311
84
259
316
749
112
367
208
276
629
865
32
39
429
335
435
716
444
44
565
143
399
344
23
406
353
197
304
191
146
554
826
695
109
772
78
757
911
124
462
88
610
645
100
483
131
325
195
58
594
581
923
562
749
619
508
314
762
885
452
978
952
679
652
105
522
893
838
665
117
753
215
850
663
431
621
540
298
925
628
59
787
650
206
51
709
891
78
485
75
686
848
186
356
300
706
572
327
19
533
210
211
372
954
64
558
110
337
752
118
36
917
611
582
393
11
181
568
380
107
504
857
618
394
827
120
223
729
309
353
355
540
307
502
965
754
605
700
20
518
661
347
690
363
122
97
214
19
256
314
130
857
127
924
783
540
213
537
525
975
341
587
571
676
602
716
710
326
168
564
696
833
83
808
97
15
686
488
930
945
276
690
986
107
212
70
585
723
881
791
719
969
26
676
73
711
630
987
916
756
572
286
767
981
870
838
477
871
23
417
954
428
671
207
478
925
468
36
587
13
629
911
50
334
136
119
387
78
657
216
644
823
160
636
334
446
515
59
575
196
941
182
995
506
211
843
472
183
36
283
91
175
128
105
311
992
233
967
511
489
896
155
852
114
642
862
194
530
793
884
18
957
47
234
5
365
736
465
773
242
449
51
699
270
22
726
250
359
476
384
636
686
254
341
14
984
476
495
57
56
26
138
526
647
376
421
942
755
715
695
949
22
137
735
282
917
401
572
209
383
555
810
189
838
454
673
289
417
623
231
929
873
52
642
878
382
739
97
419
97
361
996
496
303
931
255
523
184
972
448
828
506
422
349
975
27
773
729
93
121
837
954
428
731
993
427
661
21
328
751
16
956
514
111
264
44
384
273
117
152
889
741
182
623
447
777
70
930
31
928
925
999
155
417
754
637
194
844
402
111
723
30
58
46
393
725
350
423
886
276
913
746
198
539
198
194
420
541
973
759
813
977
939
526
886
870
645
24
217
555
336
537
721
478
335
674
155
284
573
827
479
584
478
331
819
548
514
960
476
664
309
932
190
540
63
720
238
900
551
910
663
390
258
703
638
53
178
936
718
921
782
78
268
789
509
158
589
30
788
974
530
688
528
859
367
867
65
18
940
927
430
389
87
430
541
431
974
190
964
96
986
911
371
61
717
355
384
439
382
820
937
382
604
659
476
764
454
199
326
116
993
302
90
497
543
191
158
999
295
905
169
964
782
548
342
930
586
167
250
436
568
295
787
379
142
434
750
117
861
659
843
715
27
751
878
322
78
884
462
762
183
580
658
335
732
881
310
352
66
520
910
182
943
699
179
890
576
867
371
711
33
838
950
375
460
34
91
437
722
679
383
596
759
631
21
225
484
64
923
750
586
72
951
689
320
252
612
69
638
277
9
557
7
27
904
443
907
375
428
860
28
532
626
112
169
33
798
554
674
21
382
765
89
75
803
246
238
628
522
469
994
143
678
207
249
588
391
482
507
173
551
238
911
243
730
865
8
660
119
442
311
917
354
247
338
13
480
972
952
950
201
173
450
404
955
485
994
411
158
148
821
589
912
305
388
534
612
774
284
468
752
770
267
672
949
634
468
302
192
279
290
426
824
963
817
13
318
957
299
706
868
682
675
730
236
642
146
570
197
725
213
876
691
926
165
13
640
662
722
633
573
846
585
701
757
916
697
624
288
524
995
775
294
979
304
155
913
373
888
481
460
412
813
669
411
522
856
247
128
860
42
276
602
141
836
624
324
455
319
81
963
742
915
968
597
99
907
158
485
398
788
207
182
231
2
24
6
739
876
696
566
295
541
126
944
399
529
906
692
751
504
62
743
929
966
475
527
35
738
384
832
288
826
824
104
139
190
125
451
705
290
45
520
989
793
113
529
929
558
283
990
400
697
434
282
296
985
625
609
945
497
262
821
736
507
731
702
550
7
499
447
274
377
226
211
9
181
156
702
255
904
989
541
409
415
754
505
170
734
578
345
59
308
302
926
676
469
398
29
414
459
509
743
246
323
80
677
192
222
566
462
476
663
254
922
296
866
895
604
33
514
55
291
496
895
800
228
520
201
741
129
90
938
637
670
661
38
861
348
740
120
842
265
331
296
640
7
116
59
189
137
812
146
960
896
7
690
407
509
810
91
858
700
120
583
135
119
911
911
847
777
653
52
759
998
950
647
815
407
746
856
727
394
812
216
78
4
266
200
125
403
741
112
440
174
82
289
908
44
30
353
138
961
568
386
159
588
372
656
282
73
89
495
230
861
780
533
779
527
976
847
58
355
430
392
30
646
94
53
177
581
753
770
533
465
149
853
362
637
228
327
815
315
750
527
629
428
287
604
510
658
483
428
863
345
96
247
240
147
18
662
263
552
909
637
245
513
323
664
356
281
635
394
677
117
718
486
755
739
446
582
630
604
592
600
476
215
361
353
176
474
245
477
143
295
491
574
220
153
589
848
153
981
151
203
244
495
250
879
125
388
453
510
142
763
435
629
632
96
87
158
263
43
139
626
870
818
18
393
415
513
312
312
65
250
189
439
793
607
447
551
782
905
414
526
806
290
333
9
606
584
312
508
358
747
194
586
718
291
991
945
976
167
146
255
121
659
290
174
271
301
888
581
530
266
708
139
303
336
580
926
442
54
483
461
486
456
956
660
563
908
59
371
971
108
97
550
442
13
948
2
349
873
331
115
631
340
902
622
693
200
259
527
990
420
677
876
391
565
483
187
710
500
736
570
124
535
654
754
143
186
841
185
893
453
775
628
281
604
104
815
912
692
672
294
195
709
704
56
868
807
158
460
573
363
217
158
255
934
763
176
244
506
325
291
265
936
599
236
209
521
353
464
813
591
212
979
573
612
997
164
29
966
716
499
791
453
45
398
135
894
974
105
242
6
132
1000
186
723
202
309
515
491
778
320
707
674
278
321
161
699
438
922
136
679
605
150
56
302
695
842
985
420
204
46
222
147
909
556
691
677
524
689
151
820
938
512
245
992
953
521
887
132
488
678
668
768
320
846
684
798
14
781
163
403
512
667
171
973
955
401
287
423
193
926
437
40
937
976
756
675
400
889
487
571
902
25
615
520
492
542
702
875
777
927
269
250
914
29
270
762
208
951
14
497
524
719
557
581
876
805
112
967
255
575
170
205
378
991
937
444
965
352
420
960
295
26
94
922
529
494
803
999
265
985
636
260
973
683
134
94
916
962
128
299
900
67
665
829
439
543
972
450
527
944
895
481
909
56
875
299
149
685
772
390
822
640
807
405
642
825
241
61
356
938
738
668
511
918
560
520
538
663
279
450
150
596
392
200
130
695
633
96
753
946
288
239
37
703
884
399
453
347
284
894
243
551
55
830
240
848
994
701
251
482
489
346
803
92
860
547
513
225
606
349
981
106
45
174
878
606
831
136
944
558
472
201
691
885
464
227
161
961
907
770
42
75
609
103
958
704
47
856
541
223
717
202
631
610
312
902
982
796
441
484
115
735
628
138
810
773
379
190
499
382
393
22
28
973
275
761
832
381
106
452
982
767
483
873
890
656
639
633
204
78
949
877
366
202
398
114
370
482
166
427
400
926
25
178
266
95
911
800
773
615
561
714
958
50
595
784
266
414
345
585
474
265
757
815
441
204
954
944
60
495
69
433
846
816
301
96
931
971
847
988
322
890
131
133
136
395
281
936
879
884
422
719
754
176
563
942
356
671
47
758
13
473
324
160
91
110
567
748
961
420
935
898
105
190
279
132
15
541
563
870
337
44
197
419
157
584
272
510
448
427
428
819
4
146
110
353
864
203
247
801
259
750
369
644
256
862
76
873
914
974
291
706
323
357
991
46
534
184
425
308
502
874
92
683
669
71
499
206
147
13
53
189
984
38
514
254
66
782
119
203
562
875
252
412
5
919
240
943
40
635
308
706
7
158
574
858
433
274
968
87
77
712
403
859
703
16
485
14
721
634
345
336
539
695
56
68
584
794
530
54
98
364
893
813
620
485
20
504
861
192
253
43
44
138
165
801
283
102
262
548
268
896
810
915
310
770
770
984
184
501
676
52
372
94
440
466
464
917
315
78
635
210
633
44
160
911
841
678
843
439
1000
53
48
461
23
434
737
543
858
924
674
886
160
268
23
236
189
708
809
671
93
155
664
749
721
756
62
118
23
394
247
402
955
402
472
93
461
701
855
783
656
845
670
502
831
523
113
978
603
568
256
975
574
810
122
569
790
676
27
373
644
837
724
955
752
411
642
77
646
538
233
623
272
460
375
711
477
407
635
962
873
978
925
973
384
409
961
330
97
729
911
889
816
432
936
434
270
952
752
668
154
662
902
590
465
491
804
249
66
20
445
184
113
225
905
375
790
357
541
761
876
915
285
691
608
746
12
273
149
524
979
740
237
282
802
360
657
646
771
110
198
564
852
721
330
399
295
522
48
244
789
365
890
715
494
194
112
916
977
180
757
619
787
965
159
612
537
377
860
598
611
113
122
601
679
4
160
672
421
417
201
385
126
922
831
597
260
760
343
294
228
810
470
769
35
309
734
146
401
51
687
711
601
820
312
631
830
613
703
518
941
825
206
345
98
97
816
380
188
5
603
648
456
638
388
17
125
431
332
334
10
976
786
654
631
607
39
785
121
185
248
178
879
972
9
470
610
383
92
454
336
864
777
241
498
101
466
758
122
470
203
578
646
595
492
361
150
218
16
382
9
299
185
575
102
590
999
737
192
545
878
106
978
350
136
464
5
223
99
973
703
83
633
795
841
920
382
849
471
44
651
763
66
444
252
960
993
777
354
96
821
14
506
761
57
207
589
2
231
956
784
901
672
10
191
673
457
212
111
93
959
551
611
610
136
925
702
389
252
282
654
508
486
229
990
986
135
181
179
85
192
342
783
903
507
872
71
469
453
869
257
551
397
99
875
277
381
910
633
327
287
304
391
143
174
67
629
174
769
119
955
402
459
950
942
915
273
111
646
254
292
186
141
252
459
630
30
266
67
114
440
611
430
812
819
85
496
440
28
257
510
518
679
371
828
867
326
131
983
91
791
582
254
369
910
128
406
71
217
940
315
404
214
396
882
277
335
302
203
498
122
610
117
319
348
423
94
664
87
730
201
782
765
519
160
565
982
246
320
749
530
797
184
899
105
291
247
242
321
875
520
356
791
635
833
167
19
190
879
283
960
171
66
45
273
105
775
797
338
913
298
46
456
596
481
778
365
576
647
98
447
747
73
639
21
131
770
59
565
714
813
714
801
884
622
19
549
272
542
203
959
435
910
419
747
881
76
503
116
231
216
84
50
594
605
456
537
941
934
506
614
34
252
680
926
216
633
671
729
573
611
721
475
965
609
6
435
126
334
894
483
590
694
617
115
487
459
877
571
938
90
900
267
622
578
552
167
172
972
589
412
178
859
681
775
477
84
978
568
595
283
719
300
670
104
17
378
422
940
71
217
584
421
279
67
512
381
680
979
269
915
701
478
517
380
792
32
570
831
640
242
179
348
388
532
398
136
271
45
636
817
420
826
560
462
87
776
599
243
364
918
752
427
157
261
787
456
788
194
489
609
758
923
463
557
589
675
5
474
570
320
473
530
923
179
978
621
686
804
7
440
324
58
237
368
973
486
664
517
582
266
890
292
431
650
329
302
280
646
429
890
243
300
380
8
556
337
507
417
614
481
14
353
484
532
433
26
231
400
819
344
371
288
713
709
556
615
279
667
452
443
335
31
891
776
368
675
944
464
65
776
397
602
316
597
614
370
50
981
422
672
774
664
550
497
676
445
966
639
388
254
101
436
502
971
106
499
879
496
729
55
658
776
759
974
640
602
742
989
193
967
673
455
70
973
780
181
401
144
134
459
289
338
86
61
158
13
534
721
248
548
961
879
667
491
206
820
704
302
665
988
576
924
472
956
636
811
61
563
949
342
841
711
359
178
27
530
347
569
453
452
297
267
809
436
506
35
311
70
549
969
298
643
854
924
12
253
634
378
982
329
250
88
315
238
19
780
574
999
669
515
967
458
670
179
102
764
695
198
146
149
442
694
131
552
423
555
738
846
597
870
201
363
129
902
139
412
547
819
179
131
46
81
406
226
449
934
343
972
767
483
405
961
200
371
968
884
994
843
27
635
812
910
383
117
870
626
449
574
186
932
495
857
869
852
710
428
44
32
120
294
61
92
68
127
930
636
910
729
837
361
975
450
823
594
444
57
58
731
212
422
231
6
878
178
156
540
369
649
499
25
755
566
902
559
546
822
30
833
856
729
673
68
743
666
713
502
900
813
363
763
330
528
3
158
730
684
604
155
171
859
151
210
14
617
949
192
440
432
17
992
824
356
312
37
303
528
366
225
858
590
989
79
241
728
971
741
812
131
924
799
755
349
97
877
565
565
105
143
429
658
873
462
785
726
746
606
168
510
397
924
802
260
450
543
810
145
287
563
950
562
378
166
188
872
522
376
283
563
583
608
776
362
354
828
343
24
219
810
545
856
790
821
89
118
838
92
770
601
169
203
167
101
191
957
268
528
763
946
189
749
885
203
302
395
857
322
816
400
620
701
250
7
835
874
537
593
864
430
822
713
896
315
369
744
950
262
740
56
964
634
994
283
950
377
762
678
580
872
904
221
591
687
770
874
423
376
869
762
691
749
942
330
31
89
176
922
270
447
924
914
222
626
456
424
623
240
43
238
387
548
429
802
585
671
807
85
741
372
793
363
845
986
682
187
270
832
499
302
53
396
247
736
827
256
338
261
829
179
864
493
376
850
980
123
440
882
64
984
820
615
324
65
450
350
524
131
165
279
333
73
254
989
533
726
1000
938
237
665
839
58
122
536
17
127
930
876
710
750
801
351
526
244
897
526
477
56
19
817
158
345
217
85
696
836
813
106
846
36
367
52
923
542
337
754
727
711
127
210
264
711
443
628
567
828
